1	0.000651383689
2	0.000312109863
3	0.000312109863
4	0.000312109863
5	0.000312109863
6	0.000312109863
7	0.000312109863
8	0.000312109863
9	0.000312109863
10	0.000312109863
11	0.000202243187
12	0.000312109863
13	0.000312109863
14	0.000306421543
15	0.000273380902
16	0.000312109863
17	0.000247142248
18	0.000312109863
19	0.000312109863
20	0.000312109863
21	0.000190535392
22	0.000312109863
23	0.000312109863
24	0.000312109863
25	0.000312109863
26	0.000273380902
27	0.000312109863
28	0.000312109863
29	0.000312109863
30	0.000312109863
31	0.000312109863
32	0.000312109863
33	0.000312109863
34	0.000312109863
35	0.000273380902
36	0.000312109863
37	0.000312109863
38	0.000312109863
39	0.000312109863
40	0.000312109863
41	0.000273380902
42	0.000312109863
43	0.000169655748
44	0.000268468516
45	0.000210245721
46	0.000226848903
47	0.000312109863
48	0.000312109863
49	0.000312109863
50	0.000312109863
51	0.000167319316
52	0.000312109863
53	0.000199749261
54	0.000213315146
55	0.000175949508
56	0.000312109863
57	0.000312109863
58	0.000312109863
59	0.000312109863
60	0.000312109863
61	0.000312109863
62	0.000312109863
63	0.000312109863
64	0.000269320755
65	0.000312109863
66	0.000312109863
67	0.000389567785
68	0.000184515726
69	0.000312109863
70	0.000312109863
71	0.000312109863
72	0.000312109863
73	0.000312109863
74	0.000314606737
75	0.000389567785
76	0.000312109863
77	0.000451933155
78	0.000312109863
79	0.000273380902
80	0.000312109863
81	0.000312109863
82	0.000216663866
83	0.000274334103
84	0.000312109863
85	0.000260596584
86	0.000312109863
87	0.000306447250
88	0.000306447250
89	0.000312109863
90	0.000186133193
91	0.000247417772
92	0.000312109863
93	0.000267669633
94	0.000273380902
95	0.000312109863
96	0.000312109863
97	0.000312109863
98	0.000198037560
99	0.000312109863
100	0.000207072871
101	0.000312109863
102	0.000312109863
103	0.000312109863
104	0.000312109863
105	0.000312109863
106	0.000409643426
107	0.000425012493
108	0.000312109863
109	0.000312109863
110	0.000312109863
111	0.000312109863
112	0.000312109863
113	0.000312109863
114	0.000312109863
115	0.000312109863
116	0.000312109863
117	0.000312109863
118	0.000312109863
119	0.000312109863
120	0.000312109863
121	0.000312109863
122	0.000312109863
123	0.000367534342
124	0.000312109863
125	0.000312109863
126	0.000312109863
127	0.000312109863
128	0.000312109863
129	0.000312109863
130	0.000312109863
131	0.000312109863
132	0.000312109863
133	0.000312109863
134	0.000233966199
135	0.000312109863
136	0.000312109863
137	0.000312109863
138	0.000312109863
139	0.000312109863
140	0.000233201672
141	0.000312109863
142	0.000498453415
143	0.000312109863
144	0.000312109863
145	0.000248566462
146	0.000312109863
147	0.000312109863
148	0.000312109863
149	0.000312109863
150	0.000312109863
151	0.000312109863
152	0.000349891744
153	0.000312109863
154	0.000312109863
155	0.000289251648
156	0.000312109863
157	0.000312109863
158	0.000312109863
159	0.000312109863
160	0.000312109863
161	0.000312109863
162	0.000262759660
163	0.000262759660
164	0.000168957691
165	0.000228193482
166	0.000312109863
167	0.000312109863
168	0.000341375376
169	0.000312109863
170	0.000312109863
171	0.000312109863
172	0.000312109863
173	0.000312109863
174	0.000312109863
175	0.000312109863
176	0.000312109863
177	0.000312109863
178	0.000257410196
179	0.000312109863
180	0.000312109863
181	0.000312109863
182	0.000312109863
183	0.000312109863
184	0.000312109863
185	0.000278181213
186	0.000312109863
187	0.000312109863
188	0.000312109863
189	0.000312109863
190	0.000312109863
191	0.000312109863
192	0.000262759660
193	0.000312109863
194	0.000312109863
195	0.000312109863
196	0.002216864435
197	0.000312109863
198	0.000312109863
199	0.000312109863
200	0.000312109863
201	0.000312109863
202	0.000192512451
203	0.000216691371
204	0.000312109863
205	0.000417822401
206	0.000257994227
207	0.000257994227
208	0.000158852178
209	0.000429577511
210	0.001340535824
211	0.000312109863
212	0.000312109863
213	0.000312109863
214	0.000320185157
215	0.000312109863
216	0.000312109863
217	0.000287578052
218	0.000312109863
219	0.000312109863
220	0.000312109863
221	0.000312109863
222	0.000230587162
223	0.000312109863
224	0.000773980370
225	0.000312109863
226	0.000312109863
227	0.000312109863
228	0.000312109863
229	0.000312109863
230	0.000312109863
231	0.000312109863
232	0.000217321220
233	0.000312109863
234	0.000312109863
235	0.000312109863
236	0.000220143426
237	0.000312109863
238	0.000312109863
239	0.000312109863
240	0.000312109863
241	0.000312109863
242	0.000312109863
243	0.000312109863
244	0.000312109863
245	0.000240307221
246	0.000312109863
247	0.000312109863
248	0.000312109863
249	0.000464867092
250	0.000263953762
251	0.000312109863
252	0.000312109863
253	0.000312109863
254	0.000333408574
255	0.000312109863
256	0.000312109863
257	0.000312109863
258	0.000312109863
259	0.000312109863
260	0.000312109863
261	0.000312109863
262	0.000312109863
263	0.000312109863
264	0.000186775330
265	0.000213660759
266	0.000312109863
267	0.000188721031
268	0.000312109863
269	0.000312109863
270	0.000200538210
271	0.000293627189
272	0.000161349327
273	0.000219166487
274	0.000281213920
275	0.000312109863
276	0.000219408504
277	0.000312109863
278	0.000312109863
279	0.000225407182
280	0.000312109863
281	0.000312109863
282	0.000312109863
283	0.000312109863
284	0.000220703762
285	0.000312109863
286	0.000312109863
287	0.000312109863
288	0.000234557137
289	0.000312109863
290	0.000312109863
291	0.000312109863
292	0.000312109863
293	0.000312109863
294	0.000312109863
295	0.000312109863
296	0.000170976124
297	0.000312109863
298	0.000312109863
299	0.000331220119
300	0.000312109863
301	0.000312109863
302	0.000312109863
303	0.000252906895
304	0.000312109863
305	0.000312109863
306	0.000312109863
307	0.000262563529
308	0.000548932054
309	0.000520569656
310	0.000240307221
311	0.000414979654
312	0.000312109863
313	0.000312109863
314	0.000312109863
315	0.000312109863
316	0.000211525103
317	0.000312109863
318	0.000312109863
319	0.000312109863
320	0.000184854918
321	0.000449938975
322	0.000312109863
323	0.000367344037
324	0.000258053429
325	0.000312109863
326	0.000312109863
327	0.000257410196
328	0.000312109863
329	0.000292750688
330	0.000312109863
331	0.000312109863
332	0.000323197587
333	0.000312109863
334	0.000312109863
335	0.000312109863
336	0.000312109863
337	0.000312109863
338	0.000312109863
339	0.000312109863
340	0.000273380902
341	0.000312109863
342	0.000312109863
343	0.000312109863
344	0.000312109863
345	0.000312109863
346	0.000312109863
347	0.000312109863
348	0.000312109863
349	0.000312109863
350	0.000312109863
351	0.000312109863
352	0.000312109863
353	0.000312109863
354	0.000312109863
355	0.000312109863
356	0.000312109863
357	0.000312109863
358	0.000312109863
359	0.000312109863
360	0.000190151826
361	0.000312109863
362	0.000204227327
363	0.000312109863
364	0.000361775663
365	0.000312109863
366	0.000312109863
367	0.000398221121
368	0.000312109863
369	0.000312109863
370	0.000312109863
371	0.000312109863
372	0.000312109863
373	0.000312109863
374	0.000312109863
375	0.000312109863
376	0.000169653513
377	0.000252377759
378	0.000471425563
379	0.000312109863
380	0.000312109863
381	0.000266737178
382	0.000312109863
383	0.000312109863
384	0.000312109863
385	0.000169453860
386	0.000312109863
387	0.000179992930
388	0.000312109863
389	0.000312109863
390	0.000312109863
391	0.000312109863
392	0.000312109863
393	0.000173138023
394	0.000312109863
395	0.000312109863
396	0.000192512451
397	0.000254512001
398	0.000195625053
399	0.000312324600
400	0.000212192673
401	0.000176438130
402	0.000212192673
403	0.000312109863
404	0.001079701669
405	0.000511571652
406	0.000224956726
407	0.000287505974
408	0.000255606033
409	0.000225407182
410	0.000193409588
411	0.000312109863
412	0.000156149544
413	0.000312109863
414	0.000312109863
415	0.000220143426
416	0.000312109863
417	0.000312109863
418	0.000312109863
419	0.000312109863
420	0.000312109863
421	0.000270653242
422	0.000312109863
423	0.000312109863
424	0.000312109863
425	0.000312109863
426	0.000312109863
427	0.000312109863
428	0.000312109863
429	0.000377756711
430	0.000312109863
431	0.000312109863
432	0.000312109863
433	0.000312109863
434	0.000312109863
435	0.000279366031
436	0.000318657023
437	0.000341791964
438	0.000389321625
439	0.000312109863
440	0.000212277347
441	0.000351006839
442	0.000312109863
443	0.000312109863
444	0.000312109863
445	0.000312109863
446	0.000312109863
447	0.000312109863
448	0.000312109863
449	0.000312109863
450	0.000221295161
451	0.000312109863
452	0.000312109863
453	0.000312109863
454	0.000444939222
455	0.000312109863
456	0.000206204242
457	0.000312109863
458	0.000312109863
459	0.000312109863
460	0.000312109863
461	0.000312109863
462	0.000312109863
463	0.000245209418
464	0.000555314289
465	0.000312109863
466	0.000312109863
467	0.000312109863
468	0.000312109863
469	0.000312109863
470	0.000312109863
471	0.000312109863
472	0.000232191160
473	0.000312109863
474	0.000239939615
475	0.000257410196
476	0.000312109863
477	0.000312109863
478	0.000312109863
479	0.000356349016
480	0.000312109863
481	0.000312109863
482	0.000312109863
483	0.000446257716
484	0.000312109863
485	0.000225009327
486	0.000312109863
487	0.000312109863
488	0.000185346845
489	0.000312109863
490	0.000312109863
491	0.000475380304
492	0.000283660415
493	0.000239123567
494	0.000312109863
495	0.000312109863
496	0.000242983531
497	0.000312109863
498	0.000312109863
499	0.000312109863
500	0.000312109863
501	0.000212892777
502	0.000312109863
503	0.000312109863
504	0.000312109863
505	0.000312109863
506	0.000312109863
507	0.000171707603
508	0.000312109863
509	0.000312109863
510	0.000312109863
511	0.000229064263
512	0.000312109863
513	0.000312109863
514	0.000312109863
515	0.000312109863
516	0.000312109863
517	0.000312109863
518	0.000180820631
519	0.000312109863
520	0.000312109863
521	0.000475675387
522	0.000312109863
523	0.000312109863
524	0.000270653242
525	0.000312109863
526	0.000312109863
527	0.000312109863
528	0.000232472055
529	0.000312109863
530	0.000312109863
531	0.000312109863
532	0.000541111910
533	0.000312109863
534	0.000312109863
535	0.000273380902
536	0.000312109863
537	0.000312109863
538	0.000312109863
539	0.000312109863
540	0.000312109863
541	0.000312109863
542	0.000312109863
543	0.000312109863
544	0.000312109863
545	0.000312109863
546	0.000312109863
547	0.000312109863
548	0.000312109863
549	0.000312109863
550	0.000312109863
551	0.000312109863
552	0.000312109863
553	0.000312109863
554	0.000312109863
555	0.000312109863
556	0.000173759409
557	0.000183741660
558	0.000312109863
559	0.000312109863
560	0.000216518566
561	0.000496356557
562	0.000312109863
563	0.000312109863
564	0.000312109863
565	0.000312109863
566	0.000312109863
567	0.000312109863
568	0.000312109863
569	0.000312109863
570	0.000171032884
571	0.000312109863
572	0.000312109863
573	0.000312109863
574	0.000312109863
575	0.000312109863
576	0.000272708762
577	0.000157913528
578	0.000312109863
579	0.000337516594
580	0.000312109863
581	0.000312109863
582	0.000312109863
583	0.000161349327
584	0.000273722522
585	0.000312109863
586	0.000212967230
587	0.000188730497
588	0.000312109863
589	0.000312109863
590	0.000312109863
591	0.000312109863
592	0.000312109863
593	0.000312109863
594	0.000312109863
595	0.000312109863
596	0.000312109863
597	0.000312109863
598	0.000312109863
599	0.000312109863
600	0.000156284802
601	0.000312109863
602	0.000312109863
603	0.000190323120
604	0.000312109863
605	0.000312109863
606	0.000312109863
607	0.000312109863
608	0.000312109863
609	0.000312109863
610	0.000312109863
611	0.000312109863
612	0.000192450159
613	0.000212892777
614	0.000312109863
615	0.000215964678
616	0.000594510461
617	0.000312109863
618	0.000312109863
619	0.000362864947
620	0.000312109863
621	0.000269047162
622	0.000312109863
623	0.000312109863
624	0.000312109863
625	0.000312109863
626	0.000312109863
627	0.000499098088
628	0.000312109863
629	0.000312109863
630	0.000312109863
631	0.000354530359
632	0.000161349327
633	0.000312109863
634	0.000315655336
635	0.000337780601
636	0.000193906405
637	0.000228193482
638	0.000312109863
639	0.000312109863
640	0.000312109863
641	0.000312109863
642	0.000314655774
643	0.000312109863
644	0.000363363743
645	0.000312109863
646	0.000312109863
647	0.000312109863
648	0.000312109863
649	0.000312109863
650	0.000312109863
651	0.000312109863
652	0.000176964118
653	0.000317663698
654	0.000312109863
655	0.000231002077
656	0.000306855505
657	0.000389612436
658	0.000312109863
659	0.000184978209
660	0.000312109863
661	0.000312109863
662	0.000312109863
663	0.000312109863
664	0.000312109863
665	0.000312109863
666	0.000208552789
667	0.000312109863
668	0.000312109863
669	0.000458790063
670	0.000312109863
671	0.000312109863
672	0.000312109863
673	0.000312109863
674	0.000312109863
675	0.000312109863
676	0.000312109863
677	0.000413292649
678	0.000402899933
679	0.000295253515
680	0.000586077453
681	0.000312109863
682	0.000312109863
683	0.000312109863
684	0.000312109863
685	0.000312109863
686	0.000312109863
687	0.000312109863
688	0.000312109863
689	0.000382214096
690	0.000455355362
691	0.000232604048
692	0.000312109863
693	0.000312109863
694	0.000312109863
695	0.000312109863
696	0.000312109863
697	0.000312109863
698	0.000312109863
699	0.000226578671
700	0.000312109863
701	0.000312109863
702	0.000312109863
703	0.000312109863
704	0.000312109863
705	0.000312109863
706	0.000312109863
707	0.000248693118
708	0.000312109863
709	0.000312109863
710	0.000312109863
711	0.000312109863
712	0.000312109863
713	0.000312109863
714	0.000571550611
715	0.000312109863
716	0.000171707603
717	0.000312109863
718	0.000196263257
719	0.000312109863
720	0.000347678543
721	0.000312109863
722	0.000312109863
723	0.000312109863
724	0.000312109863
725	0.000312109863
726	0.000312109863
727	0.000312109863
728	0.000522880960
729	0.000408342928
730	0.000228376163
731	0.001073187192
732	0.000312109863
733	0.000312109863
734	0.000312109863
735	0.000312109863
736	0.000312109863
737	0.000312109863
738	0.000312109863
739	0.000312109863
740	0.000312109863
741	0.000312109863
742	0.000312109863
743	0.000312109863
744	0.000312109863
745	0.000312109863
746	0.000312109863
747	0.000312109863
748	0.000312109863
749	0.000312109863
750	0.000257410196
751	0.000312109863
752	0.000312109863
753	0.000304685544
754	0.000312109863
755	0.000273380902
756	0.000312109863
757	0.000312109863
758	0.000263864698
759	0.000350270540
760	0.000312109863
761	0.000307778478
762	0.000240740155
763	0.000556076008
764	0.000312109863
765	0.000312109863
766	0.000312109863
767	0.000312109863
768	0.000312109863
769	0.000312109863
770	0.000312109863
771	0.000312109863
772	0.000312109863
773	0.000159363542
774	0.000212892777
775	0.000312109863
776	0.000168167451
777	0.000312109863
778	0.000217760507
779	0.000312109863
780	0.000312109863
781	0.000312109863
782	0.000312109863
783	0.000171707603
784	0.000312109863
785	0.000285860970
786	0.000264525857
787	0.000312109863
788	0.000312109863
789	0.000312109863
790	0.000312109863
791	0.000190323120
792	0.000312109863
793	0.000185955450
794	0.000248568539
795	0.000212665681
796	0.000181810838
797	0.000190323120
798	0.000172138193
799	0.001014735630
800	0.000215313909
801	0.000312109863
802	0.000312109863
803	0.000312109863
804	0.000312109863
805	0.000312109863
806	0.000309631896
807	0.000312109863
808	0.000312109863
809	0.000312109863
810	0.000312109863
811	0.000312109863
812	0.000312109863
813	0.000312109863
814	0.000312109863
815	0.000312109863
816	0.000312109863
817	0.000312109863
818	0.000312109863
819	0.000264302535
820	0.000312109863
821	0.000312109863
822	0.000312109863
823	0.000233829756
824	0.000312109863
825	0.000312109863
826	0.000306447250
827	0.000312109863
828	0.000312109863
829	0.000233944085
830	0.000527356743
831	0.000248693118
832	0.000312109863
833	0.000312109863
834	0.000319866649
835	0.000312109863
836	0.000225009327
837	0.000312109863
838	0.000312109863
839	0.000312109863
840	0.000312109863
841	0.000312109863
842	0.000312109863
843	0.000312109863
844	0.000312109863
845	0.000312109863
846	0.000312109863
847	0.000312109863
848	0.000389567785
849	0.000686017762
850	0.000176070686
851	0.000283243365
852	0.000274664298
853	0.000176070686
854	0.000267807000
855	0.000176070686
856	0.000176070686
857	0.000176070686
858	0.000225250967
859	0.000176070686
860	0.000276560644
861	0.000460941986
862	0.000448799850
863	0.000270567824
864	0.000535385980
865	0.000272905403
866	0.000176070686
867	0.000312109863
868	0.000190323120
869	0.000312109863
870	0.000312109863
871	0.000217760507
872	0.000264856006
873	0.000312109863
874	0.000312109863
875	0.000312109863
876	0.000312109863
877	0.000312109863
878	0.000190151826
879	0.000213752637
880	0.000312109863
881	0.000312109863
882	0.000312109863
883	0.000312109863
884	0.000312109863
885	0.000188730497
886	0.000312109863
887	0.000312109863
888	0.000312109863
889	0.000312109863
890	0.000249703468
891	0.000312109863
892	0.000261993075
893	0.000260596584
894	0.000312109863
895	0.000312109863
896	0.000312109863
897	0.000312109863
898	0.000312109863
899	0.000312109863
900	0.000312109863
901	0.000312109863
902	0.000190151826
903	0.000312109863
904	0.000312109863
905	0.000312109863
906	0.000312109863
907	0.000191997298
908	0.000312109863
909	0.000257410196
910	0.000312109863
911	0.000319109539
912	0.000312109863
913	0.000312109863
914	0.000161167591
915	0.000161167591
916	0.000312109863
917	0.000250913272
918	0.000312109863
919	0.000189520668
920	0.000210245721
921	0.000312109863
922	0.000312109863
923	0.000312109863
924	0.000312109863
925	0.000312109863
926	0.000312109863
927	0.000312109863
928	0.000312109863
929	0.000351275015
930	0.000312109863
931	0.000450904816
932	0.000233992224
933	0.000312109863
934	0.000312109863
935	0.000312109863
936	0.000312109863
937	0.000312109863
938	0.000312109863
939	0.000312109863
940	0.000269284264
941	0.000312109863
942	0.000404599196
943	0.000312109863
944	0.000266898404
945	0.000183709518
946	0.000205159898
947	0.000172415338
948	0.000230945754
949	0.000234142594
950	0.000312109863
951	0.000284939999
952	0.000312109863
953	0.000170540216
954	0.000312109863
955	0.000312109863
956	0.000312109863
957	0.000312109863
958	0.000312109863
959	0.000312109863
960	0.000312109863
961	0.000312109863
962	0.000345900910
963	0.000197258390
964	0.000472534564
965	0.000312109863
966	0.000312109863
967	0.000248693118
968	0.000312109863
969	0.000195747472
970	0.000406714759
971	0.000312109863
972	0.000296476400
973	0.000179147267
974	0.000312109863
975	0.000312109863
976	0.000312109863
977	0.000312109863
978	0.000312109863
979	0.000312109863
980	0.000312109863
981	0.000312109863
982	0.000174248679
983	0.000312109863
984	0.000295421020
985	0.000312109863
986	0.000220685495
987	0.000655796661
988	0.000465637447
989	0.000372774593
990	0.000239229095
991	0.000312109863
992	0.000312109863
993	0.000312109863
994	0.000312109863
995	0.000312109863
996	0.000207403160
997	0.000273380902
998	0.000312109863
999	0.000312109863
1000	0.000312109863
1001	0.000273380902
1002	0.000312109863
1003	0.000312109863
1004	0.000312109863
1005	0.000312109863
1006	0.000183366375
1007	0.000207185509
1008	0.000217315919
1009	0.000312109863
1010	0.000312109863
1011	0.000312109863
1012	0.000242077348
1013	0.000314561414
1014	0.000312109863
1015	0.000214737391
1016	0.000312109863
1017	0.000312109863
1018	0.000312109863
1019	0.000312109863
1020	0.000220685495
1021	0.000312109863
1022	0.000221295161
1023	0.000391189358
1024	0.000184823803
1025	0.000204343706
1026	0.000484045359
1027	0.000312109863
1028	0.000428966585
1029	0.000451340716
1030	0.000334064478
1031	0.000312109863
1032	0.000312109863
1033	0.000312109863
1034	0.000312109863
1035	0.000312109863
1036	0.000312109863
1037	0.000167653873
1038	0.000312109863
1039	0.000312109863
1040	0.000435554517
1041	0.000312109863
1042	0.000312109863
1043	0.000312109863
1044	0.000312109863
1045	0.000312109863
1046	0.000183599312
1047	0.000327879003
1048	0.000312109863
1049	0.000312109863
1050	0.000350933511
1051	0.000569777479
1052	0.000377503191
1053	0.000466128664
1054	0.000312109863
1055	0.000312109863
1056	0.000312109863
1057	0.000312109863
1058	0.000312109863
1059	0.000237313641
1060	0.000312109863
1061	0.000312109863
1062	0.000283667845
1063	0.000312109863
1064	0.000312109863
1065	0.000312109863
1066	0.000312109863
1067	0.000312109863
1068	0.000205058386
1069	0.000246863295
1070	0.000312109863
1071	0.000312109863
1072	0.000217867870
1073	0.000342669209
1074	0.000312109863
1075	0.000312109863
1076	0.000312109863
1077	0.000312109863
1078	0.000312109863
1079	0.000312109863
1080	0.000312109863
1081	0.000225009327
1082	0.000312109863
1083	0.000517816770
1084	0.000589358261
1085	0.000312109863
1086	0.000247917519
1087	0.000225673929
1088	0.000260596584
1089	0.000312109863
1090	0.000312109863
1091	0.000312109863
1092	0.000217003416
1093	0.000190151826
1094	0.000312109863
1095	0.000312109863
1096	0.000312109863
1097	0.000312109863
1098	0.000281087401
1099	0.000363623141
1100	0.000244838176
1101	0.000312109863
1102	0.000328962037
1103	0.000312109863
1104	0.000184515726
1105	0.000153969086
1106	0.000312109863
1107	0.000244838176
1108	0.000312109863
1109	0.000161349327
1110	0.000312109863
1111	0.000312109863
1112	0.000302719700
1113	0.000312109863
1114	0.000389567785
1115	0.000180933990
1116	0.000396201747
1117	0.000304375059
1118	0.000306447250
1119	0.000312109863
1120	0.000312109863
1121	0.000214275605
1122	0.000216387946
1123	0.000312109863
1124	0.000312109863
1125	0.000312109863
1126	0.000248693118
1127	0.000312109863
1128	0.000232741335
1129	0.000312109863
1130	0.000308796824
1131	0.000156284802
1132	0.000287627254
1133	0.000312109863
1134	0.000371111501
1135	0.000223161662
1136	0.000321916213
1137	0.000198823664
1138	0.000161167591
1139	0.000523975839
1140	0.000305813414
1141	0.000443185387
1142	0.000163880626
1143	0.000312109863
1144	0.000312109863
1145	0.000404751597
1146	0.000312109863
1147	0.000312109863
1148	0.000363623141
1149	0.000156284802
1150	0.000312109863
1151	0.000206251923
1152	0.000312109863
1153	0.000431490402
1154	0.000312109863
1155	0.000396236055
1156	0.000312109863
1157	0.000485669845
1158	0.000312109863
1159	0.000194662705
1160	0.000218697370
1161	0.000312109863
1162	0.000172239833
1163	0.000312109863
1164	0.000312109863
1165	0.000312109863
1166	0.000312109863
1167	0.000312109863
1168	0.000312109863
1169	0.000312109863
1170	0.000312109863
1171	0.000312109863
1172	0.000376885771
1173	0.000283424061
1174	0.000312109863
1175	0.000537387809
1176	0.000312109863
1177	0.000328898570
1178	0.000312109863
1179	0.000300665573
1180	0.000247358834
1181	0.000312109863
1182	0.000312109863
1183	0.000312109863
1184	0.000475157729
1185	0.000320494247
1186	0.000312109863
1187	0.000312109863
1188	0.000204093968
1189	0.000219756445
1190	0.000422064452
1191	0.000186630893
1192	0.000312109863
1193	0.000312109863
1194	0.000264863937
1195	0.000312109863
1196	0.000312109863
1197	0.000213752637
1198	0.000508365353
1199	0.000312109863
1200	0.000161167591
1201	0.000312109863
1202	0.000312109863
1203	0.000312109863
1204	0.000312109863
1205	0.000627671240
1206	0.000312109863
1207	0.000203915967
1208	0.000299371611
1209	0.000312109863
1210	0.000312109863
1211	0.000227673576
1212	0.000312109863
1213	0.000312109863
1214	0.000245240625
1215	0.000373344424
1216	0.000262157233
1217	0.000312109863
1218	0.000312109863
1219	0.000312109863
1220	0.000312109863
1221	0.000312109863
1222	0.000429930223
1223	0.000383802803
1224	0.000236862073
1225	0.000418605433
1226	0.000199154914
1227	0.000312109863
1228	0.000214291148
1229	0.000312109863
1230	0.000312109863
1231	0.000278592380
1232	0.000312109863
1233	0.000312109863
1234	0.000535971079
1235	0.000312109863
1236	0.000312109863
1237	0.000479891199
1238	0.000312109863
1239	0.000312109863
1240	0.000312109863
1241	0.000322275891
1242	0.000257410196
1243	0.000312109863
1244	0.000312109863
1245	0.000312109863
1246	0.000312109863
1247	0.000270209602
1248	0.000267045384
1249	0.000312109863
1250	0.000312109863
1251	0.000312109863
1252	0.000312109863
1253	0.000312109863
1254	0.000312109863
1255	0.000312109863
1256	0.000312109863
1257	0.000312109863
1258	0.000231353755
1259	0.000312109863
1260	0.000312109863
1261	0.000204878581
1262	0.000312109863
1263	0.000268917429
1264	0.000260596584
1265	0.000722591260
1266	0.000312109863
1267	0.000312109863
1268	0.000249703468
1269	0.000312109863
1270	0.000358209737
1271	0.000207586268
1272	0.000312109863
1273	0.000258053429
1274	0.000312109863
1275	0.000312109863
1276	0.000312109863
1277	0.000312109863
1278	0.000396657877
1279	0.000312109863
1280	0.000312109863
1281	0.000312109863
1282	0.000312109863
1283	0.000312109863
1284	0.000233966199
1285	0.000312109863
1286	0.000312109863
1287	0.000312109863
1288	0.000168038944
1289	0.000312109863
1290	0.000312109863
1291	0.000312109863
1292	0.000404301623
1293	0.000286422310
1294	0.000312109863
1295	0.000273380902
1296	0.000312109863
1297	0.000312109863
1298	0.000180855106
1299	0.000312109863
1300	0.000312109863
1301	0.000312109863
1302	0.000312109863
1303	0.000553228891
1304	0.000230946948
1305	0.000312109863
1306	0.000202162135
1307	0.000249703468
1308	0.000312109863
1309	0.000232624133
1310	0.000312109863
1311	0.000312109863
1312	0.000174712741
1313	0.000333288781
1314	0.000177016705
1315	0.000312109863
1316	0.000233966199
1317	0.000312109863
1318	0.000312109863
1319	0.000307093335
1320	0.000312109863
1321	0.000220685495
1322	0.000312109863
1323	0.000419526656
1324	0.000710960898
1325	0.000312109863
1326	0.000398379190
1327	0.000345789109
1328	0.000368676817
1329	0.000331459778
1330	0.000306546861
1331	0.000312109863
1332	0.000312109863
1333	0.000220932021
1334	0.000220703762
1335	0.000312109863
1336	0.000209429169
1337	0.000184677693
1338	0.000333764574
1339	0.000312109863
1340	0.000312109863
1341	0.000312109863
1342	0.000312109863
1343	0.000312109863
1344	0.000312109863
1345	0.000273380902
1346	0.000284939999
1347	0.000266544935
1348	0.000257317142
1349	0.000563053965
1350	0.000388161428
1351	0.000312109863
1352	0.000788066558
1353	0.000312109863
1354	0.000500492606
1355	0.000246382425
1356	0.000214089149
1357	0.000312109863
1358	0.000568694379
1359	0.000312109863
1360	0.000312109863
1361	0.000312109863
1362	0.000312109863
1363	0.000312109863
1364	0.000312109863
1365	0.000266922196
1366	0.000304959524
1367	0.000227842349
1368	0.000312109863
1369	0.000219476506
1370	0.000254512001
1371	0.000312109863
1372	0.000273380902
1373	0.000312109863
1374	0.000312109863
1375	0.000312109863
1376	0.000312109863
1377	0.000312109863
1378	0.000312109863
1379	0.000430876730
1380	0.000491758308
1381	0.000312109863
1382	0.000312109863
1383	0.000166423187
1384	0.000312109863
1385	0.000312109863
1386	0.000175290143
1387	0.000227878120
1388	0.000252171236
1389	0.000318722914
1390	0.000154814835
1391	0.000260596584
1392	0.000263759411
1393	0.000484656875
1394	0.000175290143
1395	0.000238432792
1396	0.001905012477
1397	0.000220760054
1398	0.000312109863
1399	0.000192309736
1400	0.000175610275
1401	0.000312109863
1402	0.000312109863
1403	0.000312109863
1404	0.000312109863
1405	0.000312109863
1406	0.000312109863
1407	0.000312109863
1408	0.000167143987
1409	0.000228936409
1410	0.000261033407
1411	0.000279165368
1412	0.000312109863
1413	0.000233012367
1414	0.000312109863
1415	0.000312109863
1416	0.000312109863
1417	0.000296819221
1418	0.000276214505
1419	0.000334776758
1420	0.000221436420
1421	0.000436679379
1422	0.000312109863
1423	0.000312109863
1424	0.000172904167
1425	0.000331566731
1426	0.000312109863
1427	0.000312109863
1428	0.000312109863
1429	0.000385485982
1430	0.000312109863
1431	0.000312109863
1432	0.000312109863
1433	0.000312109863
1434	0.000287190634
1435	0.000312109863
1436	0.000312109863
1437	0.000312109863
1438	0.000312109863
1439	0.000312109863
1440	0.000346565314
1441	0.000312109863
1442	0.000312109863
1443	0.000312109863
1444	0.000181209871
1445	0.000312109863
1446	0.000312109863
1447	0.000312109863
1448	0.000312109863
1449	0.000239172212
1450	0.000312109863
1451	0.000312109863
1452	0.000312109863
1453	0.000233863062
1454	0.000312109863
1455	0.000478542860
1456	0.000176964118
1457	0.000312109863
1458	0.000163898310
1459	0.000312109863
1460	0.000186709292
1461	0.000312109863
1462	0.000156284802
1463	0.000156284802
1464	0.000190324140
1465	0.000312109863
1466	0.000173027381
1467	0.000197930166
1468	0.000300556754
1469	0.000371408550
1470	0.000312109863
1471	0.001227471892
1472	0.000230946948
1473	0.000312109863
1474	0.000312109863
1475	0.000312109863
1476	0.000312109863
1477	0.000696894325
1478	0.000312109863
1479	0.000312109863
1480	0.000257410196
1481	0.000312109863
1482	0.000312109863
1483	0.000312109863
1484	0.000199594884
1485	0.000156965229
1486	0.000189827421
1487	0.000509735808
1488	0.000246838754
1489	0.000207340181
1490	0.000312109863
1491	0.001416472896
1492	0.000312109863
1493	0.000312109863
1494	0.000312109863
1495	0.000312109863
1496	0.000606936602
1497	0.000404301623
1498	0.000189452459
1499	0.000312109863
1500	0.000312109863
1501	0.000312109863
1502	0.000410335460
1503	0.000171581907
1504	0.000444550806
1505	0.000312109863
1506	0.000312109863
1507	0.000273380902
1508	0.000312109863
1509	0.000312109863
1510	0.000312109863
1511	0.000312109863
1512	0.000312109863
1513	0.000312109863
1514	0.000312109863
1515	0.000320342571
1516	0.000312109863
1517	0.000312109863
1518	0.000277109183
1519	0.000312109863
1520	0.000312109863
1521	0.000221613963
1522	0.000312109863
1523	0.000432389497
1524	0.000447595732
1525	0.000430133572
1526	0.000301804133
1527	0.000230014447
1528	0.000211091827
1529	0.000312109863
1530	0.000219274436
1531	0.000274384206
1532	0.000312109863
1533	0.000309963447
1534	0.000312109863
1535	0.000203623678
1536	0.000176734153
1537	0.000251073603
1538	0.000197101896
1539	0.000383103648
1540	0.000365330809
1541	0.000184968138
1542	0.000421064054
1543	0.000350838824
1544	0.000258702440
1545	0.000312109863
1546	0.000312109863
1547	0.000312109863
1548	0.000454966333
1549	0.000653976788
1550	0.000404602365
1551	0.000367098020
1552	0.000299745621
1553	0.000219914388
1554	0.000206086545
1555	0.000312109863
1556	0.000312109863
1557	0.000312109863
1558	0.000207403160
1559	0.000363623141
1560	0.000312109863
1561	0.000198140357
1562	0.000312109863
1563	0.000312109863
1564	0.000185765159
1565	0.000552932741
1566	0.000357375255
1567	0.000260596584
1568	0.000312109863
1569	0.000312109863
1570	0.000231436039
1571	0.000312109863
1572	0.000405981781
1573	0.000227084015
1574	0.000312109863
1575	0.000312109863
1576	0.000312109863
1577	0.000312109863
1578	0.000312109863
1579	0.000312109863
1580	0.000312109863
1581	0.000285473190
1582	0.000312109863
1583	0.000565776843
1584	0.000312109863
1585	0.000312109863
1586	0.000312109863
1587	0.000312109863
1588	0.000312109863
1589	0.000249703468
1590	0.000312109863
1591	0.000312109863
1592	0.000376775388
1593	0.000293930556
1594	0.000305586831
1595	0.000312109863
1596	0.000312109863
1597	0.000221613963
1598	0.000312109863
1599	0.000312109863
1600	0.000430462920
1601	0.000156284802
1602	0.000156284802
1603	0.000163898310
1604	0.000469967158
1605	0.000264901237
1606	0.000389567785
1607	0.000312109863
1608	0.000312109863
1609	0.000236421240
1610	0.000312109863
1611	0.000389567785
1612	0.000158877260
1613	0.000456113816
1614	0.000414370655
1615	0.000312109863
1616	0.000273380902
1617	0.000312109863
1618	0.000312109863
1619	0.000218979711
1620	0.000264302535
1621	0.000312109863
1622	0.000312109863
1623	0.000312109863
1624	0.000190772574
1625	0.000212525674
1626	0.000623348047
1627	0.000312109863
1628	0.000312109863
1629	0.000312109863
1630	0.000254719620
1631	0.000221436420
1632	0.000312109863
1633	0.000312109863
1634	0.000312109863
1635	0.000312109863
1636	0.000239086779
1637	0.000312109863
1638	0.000362293748
1639	0.000476208863
1640	0.000312109863
1641	0.000328975437
1642	0.000312109863
1643	0.000312109863
1644	0.000312109863
1645	0.000214737391
1646	0.000464847531
1647	0.000289551188
1648	0.000280187800
1649	0.000196263257
1650	0.000312109863
1651	0.000312109863
1652	0.000312109863
1653	0.000470167732
1654	0.000267689727
1655	0.000312109863
1656	0.000312109863
1657	0.000187950709
1658	0.000363623141
1659	0.000490030848
1660	0.000312109863
1661	0.000312109863
1662	0.000387343928
1663	0.000368884272
1664	0.000350838824
1665	0.000321949909
1666	0.000260596584
1667	0.000476208863
1668	0.000248658629
1669	0.000248658629
1670	0.000312109863
1671	0.000171969142
1672	0.000312109863
1673	0.000312109863
1674	0.000458490459
1675	0.000312109863
1676	0.000217507535
1677	0.000312109863
1678	0.000169486125
1679	0.000229444961
1680	0.000312109863
1681	0.000264863937
1682	0.000255506659
1683	0.000344630822
1684	0.000406131243
1685	0.000237387988
1686	0.000192744268
1687	0.000312109863
1688	0.000312109863
1689	0.000312109863
1690	0.000312109863
1691	0.000568302041
1692	0.000312109863
1693	0.000337291310
1694	0.000312109863
1695	0.000312109863
1696	0.000312109863
1697	0.000263157605
1698	0.000163898310
1699	0.000319801825
1700	0.000312109863
1701	0.000312109863
1702	0.000312109863
1703	0.000182478702
1704	0.000312109863
1705	0.000471045141
1706	0.000222004929
1707	0.000499385128
1708	0.000233465549
1709	0.000312109863
1710	0.000221345495
1711	0.000389567785
1712	0.000389567785
1713	0.000295898399
1714	0.000312109863
1715	0.000312109863
1716	0.000374322225
1717	0.000312109863
1718	0.000389567785
1719	0.000167143987
1720	0.000258168995
1721	0.000312109863
1722	0.000312109863
1723	0.000307560481
1724	0.000312109863
1725	0.000312109863
1726	0.000312109863
1727	0.000312109863
1728	0.000867333942
1729	0.000185428413
1730	0.000312109863
1731	0.000312109863
1732	0.000312109863
1733	0.000312109863
1734	0.000312109863
1735	0.000221977501
1736	0.000312109863
1737	0.000312109863
1738	0.000312109863
1739	0.000217437469
1740	0.000363623141
1741	0.000458037369
1742	0.000312109863
1743	0.000312109863
1744	0.000312109863
1745	0.000312109863
1746	0.000396136313
1747	0.000209717260
1748	0.000356142825
1749	0.001149270564
1750	0.000219046606
1751	0.001384306528
1752	0.000321627981
1753	0.000273384786
1754	0.000596874019
1755	0.000312109863
1756	0.000312109863
1757	0.000312109863
1758	0.000312109863
1759	0.000312109863
1760	0.000312109863
1761	0.000191212290
1762	0.000312109863
1763	0.000312109863
1764	0.000312109863
1765	0.000312109863
1766	0.000312109863
1767	0.000489281805
1768	0.000222973676
1769	0.000312109863
1770	0.000312109863
1771	0.000762384312
1772	0.000312109863
1773	0.000312109863
1774	0.000353333963
1775	0.000312109863
1776	0.000312109863
1777	0.000312109863
1778	0.000227933326
1779	0.000318840503
1780	0.000312109863
1781	0.003747645855
1782	0.000312109863
1783	0.000312109863
1784	0.000312109863
1785	0.001129633018
1786	0.000595907022
1787	0.000561063650
1788	0.000413782502
1789	0.000312109863
1790	0.000312109863
1791	0.000312109863
1792	0.000317771506
1793	0.000230945754
1794	0.000279567528
1795	0.000312109863
1796	0.000312109863
1797	0.000312109863
1798	0.000312109863
1799	0.000312109863
1800	0.000276691103
1801	0.000312109863
1802	0.000312109863
1803	0.000273380902
1804	0.000279330208
1805	0.000347898012
1806	0.000389567785
1807	0.000431242602
1808	0.000312109863
1809	0.000312109863
1810	0.000195412981
1811	0.000312109863
1812	0.000312109863
1813	0.000351275015
1814	0.000312109863
1815	0.000312109863
1816	0.000312109863
1817	0.000312109863
1818	0.000276691103
1819	0.000312109863
1820	0.000312109863
1821	0.000312109863
1822	0.000312109863
1823	0.000312109863
1824	0.000264519221
1825	0.000264224711
1826	0.000591532070
1827	0.000236236947
1828	0.000194990354
1829	0.000219823490
1830	0.000312109863
1831	0.000210652963
1832	0.000211500347
1833	0.000273380902
1834	0.000868442413
1835	0.000207056907
1836	0.000465710837
1837	0.000312109863
1838	0.000312109863
1839	0.000312109863
1840	0.000197101896
1841	0.000317419998
1842	0.000273380902
1843	0.000312109863
1844	0.000312109863
1845	0.000231878909
1846	0.000433204611
1847	0.000462519346
1848	0.000312109863
1849	0.000273380902
1850	0.000312109863
1851	0.000312109863
1852	0.000221766857
1853	0.000331101113
1854	0.000321389380
1855	0.000312109863
1856	0.000532982615
1857	0.000249703468
1858	0.000455355362
1859	0.000312109863
1860	0.000745094903
1861	0.000238992920
1862	0.000220143426
1863	0.000312109863
1864	0.000312109863
1865	0.000312109863
1866	0.000312109863
1867	0.000215311147
1868	0.000312109863
1869	0.000260094230
1870	0.000216973675
1871	0.000240540719
1872	0.000257410196
1873	0.000312109863
1874	0.000312109863
1875	0.000312109863
1876	0.000229064263
1877	0.000560272665
1878	0.000276489338
1879	0.000516240367
1880	0.000168167451
1881	0.000312109863
1882	0.000312109863
1883	0.000266632061
1884	0.000340207064
1885	0.000235169334
1886	0.000249459221
1887	0.000312109863
1888	0.000312109863
1889	0.000312109863
1890	0.000312109863
1891	0.000194269761
1892	0.000362492909
1893	0.000312109863
1894	0.000275172263
1895	0.000312109863
1896	0.000312109863
1897	0.000312109863
1898	0.000312109863
1899	0.000312109863
1900	0.000391403785
1901	0.000668386651
1902	0.000248566462
1903	0.000257410196
1904	0.000312109863
1905	0.000312109863
1906	0.000157990845
1907	0.000312109863
1908	0.000444135017
1909	0.000515965206
1910	0.000312109863
1911	0.000312109863
1912	0.000217966521
1913	0.000312109863
1914	0.000312109863
1915	0.000330933071
1916	0.000344006463
1917	0.000312109863
1918	0.000312109863
1919	0.000501716318
1920	0.000297335905
1921	0.000312109863
1922	0.000312109863
1923	0.000312109863
1924	0.000329303829
1925	0.000387674376
1926	0.000185585199
1927	0.000300154018
1928	0.000312020757
1929	0.000260596584
1930	0.000238722853
1931	0.000261284625
1932	0.000527973317
1933	0.000312109863
1934	0.000189953291
1935	0.000403909863
1936	0.000443124527
1937	0.000211014510
1938	0.000320930028
1939	0.000357017091
1940	0.000312109863
1941	0.000312109863
1942	0.000312109863
1943	0.000312109863
1944	0.000318840503
1945	0.001672354686
1946	0.000661985144
1947	0.000658718591
1948	0.000363623141
1949	0.000251119282
1950	0.000312109863
1951	0.000324404829
1952	0.000312109863
1953	0.000312109863
1954	0.000312109863
1955	0.000362858500
1956	0.000213382835
1957	0.000225561220
1958	0.000312109863
1959	0.000268083927
1960	0.000279112601
1961	0.000466955948
1962	0.000312109863
1963	0.000476208863
1964	0.000312109863
1965	0.000273380902
1966	0.000312109863
1967	0.000249134788
1968	0.000291902185
1969	0.000390930013
1970	0.000312109863
1971	0.000312109863
1972	0.000535307276
1973	0.000543949935
1974	0.000207056907
1975	0.000361680733
1976	0.000462554692
1977	0.000312109863
1978	0.000455355362
1979	0.000312109863
1980	0.000168167451
1981	0.000312109863
1982	0.000374442292
1983	0.000312109863
1984	0.000312109863
1985	0.000312109863
1986	0.000198140357
1987	0.000631663220
1988	0.000323983472
1989	0.000547512890
1990	0.000312109863
1991	0.000312109863
1992	0.000252102285
1993	0.000312109863
1994	0.000152360387
1995	0.000312109863
1996	0.000312109863
1997	0.000340176720
1998	0.000312109863
1999	0.000211500347
2000	0.000312109863
2001	0.000312109863
2002	0.000263000701
2003	0.000381814540
2004	0.000451845666
2005	0.000312109863
2006	0.000312109863
2007	0.000312109863
2008	0.000312109863
2009	0.000312109863
2010	0.000312109863
2011	0.000273380902
2012	0.000389567785
2013	0.000273380902
2014	0.000312109863
2015	0.000276782795
2016	0.000274480571
2017	0.001472653844
2018	0.000331376656
2019	0.000312109863
2020	0.000285249109
2021	0.000167005591
2022	0.000182002921
2023	0.000191643177
2024	0.000312109863
2025	0.000178363819
2026	0.000312109863
2027	0.000312109863
2028	0.000291988291
2029	0.000312109863
2030	0.000312109863
2031	0.000567728740
2032	0.000191381457
2033	0.000323341931
2034	0.000493253025
2035	0.000219823490
2036	0.000182478702
2037	0.000312109863
2038	0.000312109863
2039	0.000312109863
2040	0.000487785183
2041	0.000169357757
2042	0.000322608536
2043	0.000212892777
2044	0.000426119621
2045	0.000306324807
2046	0.001129508226
2047	0.000312109863
2048	0.000267836303
2049	0.000315530346
2050	0.000169821111
2051	0.000312109863
2052	0.000459648087
2053	0.000518434325
2054	0.000208896526
2055	0.000279582490
2056	0.000312109863
2057	0.000351969135
2058	0.000276911949
2059	0.000196013731
2060	0.000715431522
2061	0.000369085781
2062	0.000312109863
2063	0.000312109863
2064	0.000312109863
2065	0.000312109863
2066	0.000389567785
2067	0.000312109863
2068	0.000192956277
2069	0.000312109863
2070	0.000312109863
2071	0.000254512001
2072	0.000312109863
2073	0.000312109863
2074	0.000436923445
2075	0.000305976788
2076	0.000312109863
2077	0.000312109863
2078	0.000312109863
2079	0.000312109863
2080	0.000554282004
2081	0.000310958547
2082	0.000268966521
2083	0.000205090149
2084	0.000312109863
2085	0.000211699676
2086	0.000312109863
2087	0.000241744469
2088	0.000312109863
2089	0.000312109863
2090	0.000312109863
2091	0.000226391964
2092	0.000235035478
2093	0.000470854644
2094	0.000405530279
2095	0.000428440673
2096	0.000265808617
2097	0.000260342931
2098	0.000312109863
2099	0.000376797657
2100	0.000312109863
2101	0.000257410196
2102	0.000257410196
2103	0.000312109863
2104	0.000312109863
2105	0.000194304261
2106	0.000312109863
2107	0.000773810594
2108	0.000312109863
2109	0.000503815632
2110	0.000479888149
2111	0.000538220490
2112	0.000156422160
2113	0.000312109863
2114	0.000272483805
2115	0.000319232312
2116	0.000312109863
2117	0.000312109863
2118	0.000169686560
2119	0.000404887630
2120	0.000391779346
2121	0.000312109863
2122	0.000286422310
2123	0.000217746768
2124	0.000312109863
2125	0.000199694954
2126	0.000395681968
2127	0.000605103792
2128	0.000176509975
2129	0.000426859024
2130	0.000245599208
2131	0.000273380902
2132	0.000273380902
2133	0.000312109863
2134	0.000312109863
2135	0.000389567785
2136	0.000312109863
2137	0.000208991041
2138	0.000631786480
2139	0.000377542165
2140	0.000179102322
2141	0.000312109863
2142	0.000363623141
2143	0.000312109863
2144	0.000220932021
2145	0.000312109863
2146	0.000326612314
2147	0.000205538690
2148	0.000232160141
2149	0.000239172212
2150	0.000648406106
2151	0.000395688295
2152	0.000193864280
2153	0.000209704889
2154	0.000327991331
2155	0.000413030770
2156	0.000212845199
2157	0.000312109863
2158	0.000312109863
2159	0.000272255781
2160	0.000267162206
2161	0.000312109863
2162	0.000184684595
2163	0.000409782709
2164	0.000229041976
2165	0.000294830840
2166	0.000199910237
2167	0.000573679264
2168	0.000301624905
2169	0.000175647476
2170	0.000400775913
2171	0.000312109863
2172	0.000312109863
2173	0.000312109863
2174	0.000312109863
2175	0.000373350814
2176	0.000203610847
2177	0.000315523701
2178	0.000336710434
2179	0.000530615249
2180	0.000312109863
2181	0.000256797611
2182	0.000264318930
2183	0.000236898698
2184	0.000312109863
2185	0.000300249243
2186	0.000312109863
2187	0.000242483010
2188	0.000202891508
2189	0.000506441914
2190	0.000389567785
2191	0.000199033416
2192	0.000321872269
2193	0.000266702289
2194	0.000265226304
2195	0.000301965547
2196	0.000312109863
2197	0.000312109863
2198	0.000208698319
2199	0.000312109863
2200	0.000273380902
2201	0.000312109863
2202	0.000205908464
2203	0.000876211163
2204	0.000435464075
2205	0.000312109863
2206	0.000312109863
2207	0.000312109863
2208	0.000312109863
2209	0.000287190634
2210	0.000268911730
2211	0.000337333072
2212	0.000312109863
2213	0.000312109863
2214	0.000264857724
2215	0.000308986766
2216	0.000289670848
2217	0.000312109863
2218	0.000549393216
2219	0.000382920429
2220	0.000549595137
2221	0.000248856737
2222	0.000415980679
2223	0.000312109863
2224	0.000312109863
2225	0.000312109863
2226	0.000363623141
2227	0.000436299383
2228	0.000456355512
2229	0.000212946843
2230	0.000256974820
2231	0.000363623141
2232	0.000312109863
2233	0.000312109863
2234	0.000312109863
2235	0.000312109863
2236	0.000312109863
2237	0.000312109863
2238	0.000312109863
2239	0.000312109863
2240	0.000312109863
2241	0.000312109863
2242	0.000312109863
2243	0.000312109863
2244	0.000312109863
2245	0.000357532880
2246	0.000312109863
2247	0.000380286327
2248	0.000312109863
2249	0.000233766686
2250	0.000312109863
2251	0.000375976094
2252	0.000266578323
2253	0.000269338661
2254	0.000234645924
2255	0.000312109863
2256	0.000234045980
2257	0.000306327870
2258	0.000162374253
2259	0.000312109863
2260	0.000312109863
2261	0.000312109863
2262	0.000312109863
2263	0.000249914343
2264	0.000178077495
2265	0.000312109863
2266	0.000312109863
2267	0.000312109863
2268	0.000273380902
2269	0.000222279006
2270	0.000299444660
2271	0.000312109863
2272	0.000270786506
2273	0.000305098834
2274	0.000215074617
2275	0.000312109863
2276	0.000345340916
2277	0.000310595810
2278	0.000174370366
2279	0.000260596584
2280	0.000199433617
2281	0.000312109863
2282	0.000277523455
2283	0.000312109863
2284	0.000312109863
2285	0.000312109863
2286	0.000311631050
2287	0.000224690932
2288	0.000273380902
2289	0.000269893490
2290	0.000169943410
2291	0.000312109863
2292	0.000235192423
2293	0.000312109863
2294	0.000195312289
2295	0.000312109863
2296	0.000229368867
2297	0.000204697246
2298	0.000176135987
2299	0.000211468169
2300	0.000312109863
2301	0.000273380902
2302	0.000209742807
2303	0.000312109863
2304	0.000312109863
2305	0.000312109863
2306	0.000312109863
2307	0.000312109863
2308	0.000312109863
2309	0.000272154469
2310	0.000179905882
2311	0.000312109863
2312	0.000312109863
2313	0.000252281105
2314	0.000338911724
2315	0.000373643100
2316	0.000312109863
2317	0.000500987347
2318	0.000197258390
2319	0.000637887600
2320	0.000237607796
2321	0.000312109863
2322	0.000312109863
2323	0.000297173882
2324	0.000312109863
2325	0.000157286231
2326	0.000452194386
2327	0.000312109863
2328	0.000312109863
2329	0.000251127867
2330	0.000312109863
2331	0.000312109863
2332	0.000312109863
2333	0.000404599196
2334	0.000312109863
2335	0.000224568807
2336	0.000312109863
2337	0.000312109863
2338	0.000312109863
2339	0.000317116207
2340	0.000404252829
2341	0.000371818347
2342	0.000228296999
2343	0.000295631604
2344	0.000239559429
2345	0.000502477592
2346	0.000273380902
2347	0.000312109863
2348	0.000260570133
2349	0.000800437374
2350	0.000276214505
2351	0.000312109863
2352	0.000231289851
2353	0.000231289851
2354	0.000466805158
2355	0.000585776917
2356	0.000622234451
2357	0.000374503652
2358	0.000477876530
2359	0.000188529072
2360	0.000306327870
2361	0.000153358484
2362	0.000181903788
2363	0.000312109863
2364	0.000312109863
2365	0.000407846111
2366	0.000312109863
2367	0.000169486125
2368	0.000312109863
2369	0.000312109863
2370	0.000312109863
2371	0.000230495732
2372	0.000165076079
2373	0.000656909199
2374	0.000393547310
2375	0.000329954731
2376	0.000348838085
2377	0.000466093750
2378	0.000197240230
2379	0.000324399271
2380	0.000417600978
2381	0.000312109863
2382	0.000312109863
2383	0.000312109863
2384	0.000312109863
2385	0.000312109863
2386	0.000312109863
2387	0.000377173719
2388	0.000410328627
2389	0.000312109863
2390	0.000312109863
2391	0.000312109863
2392	0.000277967745
2393	0.000351275015
2394	0.000476208863
2395	0.000312109863
2396	0.000332087373
2397	0.000312109863
2398	0.000215525066
2399	0.000312109863
2400	0.000312109863
2401	0.000312109863
2402	0.000312109863
2403	0.000312109863
2404	0.000231052349
2405	0.000312109863
2406	0.000231125467
2407	0.000307435654
2408	0.000312109863
2409	0.000312109863
2410	0.000312109863
2411	0.000207298577
2412	0.000180811060
2413	0.000191801944
2414	0.000312109863
2415	0.000272534624
2416	0.000276911949
2417	0.000357414212
2418	0.000312109863
2419	0.000312109863
2420	0.000173557720
2421	0.000312272445
2422	0.000312109863
2423	0.000279403274
2424	0.000155286122
2425	0.000205732388
2426	0.000312109863
2427	0.000319970855
2428	0.000312109863
2429	0.000312109863
2430	0.000219476506
2431	0.000312109863
2432	0.000188351665
2433	0.000240225797
2434	0.000163274611
2435	0.000425181234
2436	0.000359537737
2437	0.000162374253
2438	0.000461657522
2439	0.000312109863
2440	0.000312109863
2441	0.000312109863
2442	0.000312109863
2443	0.000312109863
2444	0.000312109863
2445	0.000312109863
2446	0.000312109863
2447	0.000312109863
2448	0.000312109863
2449	0.000312109863
2450	0.000196933165
2451	0.000422310369
2452	0.000410556822
2453	0.000345442024
2454	0.000321346343
2455	0.000377269300
2456	0.000258014024
2457	0.000426845219
2458	0.000312109863
2459	0.000273380902
2460	0.000312109863
2461	0.000312109863
2462	0.000312109863
2463	0.000312109863
2464	0.000312109863
2465	0.000312109863
2466	0.000306324807
2467	0.000273380902
2468	0.000312109863
2469	0.000312109863
2470	0.000326929896
2471	0.000312109863
2472	0.000312109863
2473	0.000312109863
2474	0.000312109863
2475	0.000312109863
2476	0.000312109863
2477	0.000294957245
2478	0.000313189713
2479	0.000297748739
2480	0.000241143115
2481	0.000171242677
2482	0.000235429165
2483	0.000312109863
2484	0.000312109863
2485	0.000495344587
2486	0.000312109863
2487	0.000312109863
2488	0.000312109863
2489	0.000312109863
2490	0.000236895412
2491	0.000267881016
2492	0.000156148719
2493	0.000294331771
2494	0.000312109863
2495	0.000312109863
2496	0.000306150540
2497	0.000209873442
2498	0.000192486295
2499	0.000226090638
2500	0.000165746521
2501	0.000275748185
2502	0.000312109863
2503	0.000312109863
2504	0.000312109863
2505	0.000354362160
2506	0.000178363819
2507	0.000312109863
2508	0.000312109863
2509	0.000312109863
2510	0.000312109863
2511	0.000312109863
2512	0.000312109863
2513	0.000213638847
2514	0.000312109863
2515	0.000232971523
2516	0.000312109863
2517	0.000307795406
2518	0.000185493424
2519	0.000312109863
2520	0.000312109863
2521	0.000482432694
2522	0.000177362764
2523	0.000312109863
2524	0.000389180003
2525	0.000312109863
2526	0.000166896352
2527	0.000205908464
2528	0.000312109863
2529	0.000260596584
2530	0.000205497024
2531	0.000312109863
2532	0.000256150720
2533	0.000257410196
2534	0.000633920531
2535	0.000312109863
2536	0.000248180266
2537	0.000349104137
2538	0.000224378621
2539	0.000312109863
2540	0.000312109863
2541	0.000196995369
2542	0.000312109863
2543	0.000471093260
2544	0.000340949005
2545	0.000313159017
2546	0.000295713335
2547	0.000336418878
2548	0.000202120110
2549	0.000312109863
2550	0.000276479332
2551	0.000312109863
2552	0.000316103009
2553	0.000312109863
2554	0.000312109863
2555	0.000234977302
2556	0.000373318644
2557	0.000332103331
2558	0.000314257306
2559	0.000213590168
2560	0.000312109863
2561	0.000170870090
2562	0.000312109863
2563	0.000209816840
2564	0.000312109863
2565	0.000278713815
2566	0.000312109863
2567	0.000389567785
2568	0.000312109863
2569	0.000433946315
2570	0.000312109863
2571	0.000213551703
2572	0.000200815447
2573	0.000212224645
2574	0.000190425899
2575	0.000196481877
2576	0.000312109863
2577	0.000312109863
2578	0.000312109863
2579	0.000263842550
2580	0.000312109863
2581	0.000182590826
2582	0.000329970071
2583	0.000206101126
2584	0.000312109863
2585	0.000312109863
2586	0.000312109863
2587	0.000273380902
2588	0.000273380902
2589	0.000312109863
2590	0.000312109863
2591	0.000312109863
2592	0.000312109863
2593	0.000202795383
2594	0.000361796213
2595	0.000289563040
2596	0.000296477515
2597	0.000555963852
2598	0.000441192528
2599	0.000312109863
2600	0.000312109863
2601	0.000312109863
2602	0.000312109863
2603	0.000181282863
2604	0.000312109863
2605	0.000270542632
2606	0.000312109863
2607	0.000337650693
2608	0.000312109863
2609	0.000312109863
2610	0.000312109863
2611	0.000312109863
2612	0.000389567785
2613	0.000312109863
2614	0.000312109863
2615	0.000312109863
2616	0.000289662025
2617	0.000312109863
2618	0.000331767283
2619	0.000311979998
2620	0.000312109863
2621	0.000312109863
2622	0.000312109863
2623	0.000229898609
2624	0.000176135987
2625	0.000468782696
2626	0.000379091965
2627	0.000312109863
2628	0.000347641209
2629	0.000650758563
2630	0.000309673735
2631	0.000256150720
2632	0.000494804671
2633	0.000294586791
2634	0.000312109863
2635	0.000312109863
2636	0.000312109863
2637	0.000312109863
2638	0.000312109863
2639	0.000312109863
2640	0.000177634532
2641	0.000312109863
2642	0.000312109863
2643	0.000312109863
2644	0.000312109863
2645	0.000238997227
2646	0.000312109863
2647	0.000312109863
2648	0.000312109863
2649	0.000312109863
2650	0.000291368150
2651	0.000279883616
2652	0.000157286231
2653	0.000215519847
2654	0.000215519847
2655	0.000312109863
2656	0.000312109863
2657	0.000212778289
2658	0.000312109863
2659	0.000312109863
2660	0.000312109863
2661	0.000312109863
2662	0.000312109863
2663	0.000312109863
2664	0.000269218547
2665	0.000345013114
2666	0.000312109863
2667	0.000279322723
2668	0.000445627678
2669	0.000295286637
2670	0.000312109863
2671	0.000312109863
2672	0.000312109863
2673	0.000220012314
2674	0.000367800909
2675	0.000312109863
2676	0.000312109863
2677	0.000191212290
2678	0.000312109863
2679	0.000855077055
2680	0.000312109863
2681	0.000162634611
2682	0.000165470199
2683	0.000235158490
2684	0.000231160310
2685	0.000289611516
2686	0.000312109863
2687	0.000371766292
2688	0.000256826898
2689	0.000312109863
2690	0.000366028468
2691	0.000212354526
2692	0.000203721326
2693	0.000299444660
2694	0.000312109863
2695	0.000312109863
2696	0.000242902970
2697	0.000312109863
2698	0.000385770336
2699	0.000312109863
2700	0.000167365575
2701	0.000312109863
2702	0.000312109863
2703	0.000273380902
2704	0.000466799710
2705	0.000248372432
2706	0.000312109863
2707	0.000219967479
2708	0.000426973952
2709	0.000501591300
2710	0.000321521382
2711	0.000312109863
2712	0.000200178402
2713	0.000312109863
2714	0.000269218547
2715	0.000330011349
2716	0.000218032044
2717	0.000231125467
2718	0.000265665485
2719	0.000456761282
2720	0.000312109863
2721	0.000312109863
2722	0.000312109863
2723	0.000607599921
2724	0.000312109863
2725	0.000312109863
2726	0.000441880246
2727	0.000204690184
2728	0.000312109863
2729	0.000389567785
2730	0.000175610275
2731	0.000345743080
2732	0.000492642171
2733	0.000336511819
2734	0.000325160652
2735	0.000214989005
2736	0.000375498971
2737	0.000273380902
2738	0.000371543578
2739	0.000182590826
2740	0.000233684654
2741	0.000473485704
2742	0.000272979874
2743	0.000312109863
2744	0.000312109863
2745	0.000294863986
2746	0.000459337333
2747	0.000301521711
2748	0.000213419301
2749	0.000312109863
2750	0.000312109863
2751	0.000485218535
2752	0.000312109863
2753	0.000199863486
2754	0.000312109863
2755	0.000312109863
2756	0.000206203931
2757	0.000318961989
2758	0.000312109863
2759	0.000312109863
2760	0.000312109863
2761	0.000312109863
2762	0.000224052239
2763	0.000218164815
2764	0.000312109863
2765	0.000470741083
2766	0.000274931263
2767	0.000455620151
2768	0.000250202531
2769	0.000206251923
2770	0.000419661817
2771	0.000309102947
2772	0.000297104821
2773	0.000228310096
2774	0.000312109863
2775	0.000312109863
2776	0.000312109863
2777	0.000192364532
2778	0.000312109863
2779	0.000312109863
2780	0.000312109863
2781	0.000162374253
2782	0.000312109863
2783	0.000268674284
2784	0.000351793292
2785	0.000322282396
2786	0.000261054145
2787	0.000297104821
2788	0.000312109863
2789	0.000312109863
2790	0.000312109863
2791	0.000312109863
2792	0.000312109863
2793	0.000273380902
2794	0.000312109863
2795	0.000361653746
2796	0.000175452857
2797	0.000312109863
2798	0.000211724313
2799	0.000345743080
2800	0.000312109863
2801	0.000273380902
2802	0.000179448386
2803	0.000312109863
2804	0.000312109863
2805	0.000312109863
2806	0.000312109863
2807	0.000312109863
2808	0.000312109863
2809	0.000312109863
2810	0.000312109863
2811	0.000312109863
2812	0.000312109863
2813	0.000312109863
2814	0.000312109863
2815	0.000312109863
2816	0.000387455427
2817	0.000203319267
2818	0.000312109863
2819	0.000184633357
2820	0.000188156436
2821	0.000174105309
2822	0.000312109863
2823	0.000361422111
2824	0.000218094939
2825	0.000312109863
2826	0.000312109863
2827	0.000283444126
2828	0.000370892267
2829	0.000261917557
2830	0.000312109863
2831	0.000312109863
2832	0.000312109863
2833	0.000342062330
2834	0.000386695941
2835	0.000312109863
2836	0.000312109863
2837	0.000212141238
2838	0.000213597660
2839	0.000394119013
2840	0.000406819222
2841	0.000191075077
2842	0.000427418518
2843	0.000312109863
2844	0.000456884828
2845	0.000330091555
2846	0.000267036525
2847	0.000298737136
2848	0.000312109863
2849	0.000403381421
2850	0.000201509911
2851	0.000195862909
2852	0.000396720186
2853	0.000273934630
2854	0.000312109863
2855	0.000474749811
2856	0.000441804578
2857	0.000197790418
2858	0.000265226304
2859	0.000395980061
2860	0.000259380985
2861	0.000332313223
2862	0.000166896352
2863	0.000292781650
2864	0.000206029989
2865	0.000285761671
2866	0.000445273425
2867	0.000230379310
2868	0.000413297991
2869	0.000246433163
2870	0.000361723388
2871	0.000176637923
2872	0.000312109863
2873	0.000312109863
2874	0.000450885044
2875	0.000312109863
2876	0.000245029718
2877	0.000201529333
2878	0.000312109863
2879	0.000154814835
2880	0.000312109863
2881	0.000163274611
2882	0.000311160707
2883	0.000230214589
2884	0.000295324467
2885	0.000312109863
2886	0.000389567785
2887	0.000280058710
2888	0.000218096623
2889	0.000447563862
2890	0.000312109863
2891	0.000329849009
2892	0.000312109863
2893	0.000312109863
2894	0.000223663842
2895	0.000194993870
2896	0.000278260277
2897	0.000312109863
2898	0.000208821448
2899	0.000223588785
2900	0.000312109863
2901	0.000269744323
2902	0.000567877777
2903	0.000176582196
2904	0.000312109863
2905	0.000515890292
2906	0.000179069029
2907	0.000312109863
2908	0.000288984237
2909	0.000312109863
2910	0.000312109863
2911	0.000444721004
2912	0.000196862115
2913	0.000200966573
2914	0.000312109863
2915	0.000223808659
2916	0.000270473371
2917	0.000312109863
2918	0.000198492340
2919	0.000328427603
2920	0.000164242875
2921	0.000209738363
2922	0.000166726240
2923	0.000209417628
2924	0.000312109863
2925	0.000312109863
2926	0.000312109863
2927	0.000547787928
2928	0.000389414892
2929	0.000157286231
2930	0.000312109863
2931	0.000312109863
2932	0.000312109863
2933	0.000251723123
2934	0.000157286231
2935	0.000312109863
2936	0.000272826306
2937	0.000174814483
2938	0.000175452857
2939	0.000375862199
2940	0.000159095702
2941	0.000320481571
2942	0.000312109863
2943	0.000196314090
2944	0.000192574633
2945	0.000245140628
2946	0.000261562201
2947	0.000312109863
2948	0.000312109863
2949	0.000312109863
2950	0.000222934063
2951	0.000169608990
2952	0.000583720748
2953	0.000312109863
2954	0.000234577531
2955	0.000303603878
2956	0.000255060010
2957	0.000224423417
2958	0.000307140589
2959	0.000174181511
2960	0.000186954596
2961	0.000312109863
2962	0.000332313223
2963	0.000226715263
2964	0.000312109863
2965	0.000379916001
2966	0.000196481877
2967	0.000178908382
2968	0.000255608237
2969	0.000312109863
2970	0.000312109863
2971	0.000339958794
2972	0.000372797242
2973	0.000214919633
2974	0.000175388572
2975	0.000170558160
2976	0.000282536714
2977	0.000227869698
2978	0.000365980479
2979	0.000312109863
2980	0.000312109863
2981	0.000229697181
2982	0.000220807033
2983	0.000195533728
2984	0.000212729463
2985	0.000227869698
2986	0.000299109497
2987	0.000720085972
2988	0.000372401461
2989	0.000298800575
2990	0.000198717395
2991	0.000223772937
2992	0.000312109863
2993	0.000312109863
2994	0.000312109863
2995	0.000312109863
2996	0.000240812299
2997	0.000389567785
2998	0.000233690388
2999	0.000312109863
3000	0.000247103353
3001	0.000231581544
3002	0.000223254067
3003	0.001072334998
3004	0.000348932781
3005	0.000174814483
3006	0.000391079937
3007	0.000312109863
3008	0.000172138193
3009	0.000243597896
3010	0.000312109863
3011	0.000434033071
3012	0.000312109863
3013	0.000312109863
3014	0.000310440619
3015	0.000312109863
3016	0.000217617536
3017	0.000177619057
3018	0.000312109863
3019	0.000312109863
3020	0.000312109863
3021	0.000371826912
3022	0.000270051783
3023	0.000312109863
3024	0.000312109863
3025	0.000228855975
3026	0.000312109863
3027	0.000312109863
3028	0.000312109863
3029	0.000312109863
3030	0.000380120027
3031	0.000201866214
3032	0.000230495732
3033	0.000146730191
3034	0.000216247223
3035	0.000227869698
3036	0.000312109863
3037	0.000223061727
3038	0.000269987006
3039	0.000229048541
3040	0.000231002077
3041	0.000293271907
3042	0.000301193585
3043	0.000196187052
3044	0.000163201623
3045	0.000217578739
3046	0.000298737136
3047	0.000264789428
3048	0.000312109863
3049	0.000356955381
3050	0.000229289666
3051	0.000219935802
3052	0.000171242677
3053	0.000603132094
3054	0.000762867612
3055	0.000225563844
3056	0.000312109863
3057	0.000312109863
3058	0.000216673623
3059	0.000316523302
3060	0.000271449641
3061	0.000312109863
3062	0.000322921525
3063	0.000216673623
3064	0.000386122630
3065	0.000243597896
3066	0.000312109863
3067	0.000511717613
3068	0.000245836167
3069	0.000157286231
3070	0.000374548497
3071	0.000226698934
3072	0.000406212803
3073	0.000363133702
3074	0.000257219155
3075	0.000493022639
3076	0.000591005738
3077	0.000277834445
3078	0.000312109863
3079	0.000312109863
3080	0.000243711963
3081	0.000166726240
3082	0.000165488262
3083	0.000319169937
3084	0.000312109863
3085	0.000204153816
3086	0.000312109863
3087	0.000220922251
3088	0.000312109863
3089	0.000312109863
3090	0.000312109863
3091	0.000198857266
3092	0.000312109863
3093	0.000252760360
3094	0.000231716936
3095	0.000312109863
3096	0.000342916105
3097	0.000232276777
3098	0.000298737136
3099	0.000309316101
3100	0.000312109863
3101	0.000315571660
3102	0.000312109863
3103	0.000243751376
3104	0.000315122098
3105	0.000372241225
3106	0.000447862903
3107	0.000188334277
3108	0.000312109863
3109	0.000219935802
3110	0.000320540782
3111	0.000269987006
3112	0.000510683962
3113	0.000285359466
3114	0.000320699869
3115	0.000598418445
3116	0.000333169793
3117	0.000312109863
3118	0.000312109863
3119	0.000440735229
3120	0.000312109863
3121	0.000378658931
3122	0.000262394790
3123	0.000411284903
3124	0.000172926414
3125	0.000312109863
3126	0.000233944085
3127	0.000204741957
3128	0.000568697336
3129	0.000244506153
3130	0.000205538690
3131	0.000363623141
3132	0.000233674322
3133	0.000186984467
3134	0.000396741310
3135	0.000224052239
3136	0.000312109863
3137	0.000312109863
3138	0.000245649219
3139	0.000312109863
3140	0.000200510450
3141	0.000312109863
3142	0.000337372514
3143	0.000207917337
3144	0.000512580849
3145	0.000184919920
3146	0.000312109863
3147	0.000212327597
3148	0.000375181669
3149	0.000312109863
3150	0.000525453542
3151	0.000273380902
3152	0.000224059994
3153	0.000243354554
3154	0.000285645125
3155	0.000272871361
3156	0.000361234340
3157	0.000196148016
3158	0.000318404618
3159	0.000285148932
3160	0.000312109863
3161	0.000312109863
3162	0.000214696695
3163	0.000342916105
3164	0.000273380902
3165	0.000254719620
3166	0.000424839935
3167	0.000285148932
3168	0.000287839788
3169	0.000193742959
3170	0.000292527289
3171	0.000312109863
3172	0.000245590618
3173	0.000312109863
3174	0.000177619057
3175	0.000312109863
3176	0.000233944085
3177	0.000218834269
3178	0.000644489605
3179	0.000403837612
3180	0.000200510450
3181	0.000200510450
3182	0.000248494705
3183	0.000190627559
3184	0.002258137204
3185	0.000327534140
3186	0.000421954013
3187	0.000203883057
3188	0.000300434645
3189	0.000183366375
3190	0.000192932199
3191	0.000188370436
3192	0.000190772574
3193	0.000233607882
3194	0.000312109863
3195	0.000249703468
3196	0.000312109863
3197	0.000222673026
3198	0.000205908464
3199	0.000175290143
3200	0.000175290143
3201	0.000175290143
3202	0.000175290143
3203	0.000175290143
3204	0.000175290143
